! Initialization
  if (allocated(m5pls08u)) deallocate(m5pls08u)
  if (allocated(m5pls04u)) deallocate(m5pls04u)
  if (allocated(m5pls02u)) deallocate(m5pls02u)
  if (allocated(m5pls01u)) deallocate(m5pls01u)
  if (allocated(m5pls24v)) deallocate(m5pls24v)
  if (allocated(m5pls16v)) deallocate(m5pls16v)
  if (allocated(m5pls12v)) deallocate(m5pls12v)
  if (allocated(m5pls08v)) deallocate(m5pls08v)
  if (allocated(m5pls04v)) deallocate(m5pls04v)
  if (allocated(m5min16v)) deallocate(m5min16v)
  if (allocated(m5min04v)) deallocate(m5min04v)
  allocate(m5pls08u( 4,120))
  allocate(m5pls04u( 9,120))
  allocate(m5pls02u(14,120))
  allocate(m5pls01u(14,120))
  allocate(m5pls24v(10,120))
  allocate(m5pls16v( 5,120))
  allocate(m5pls12v(20,120))
  allocate(m5pls08v( 7,120))
  allocate(m5pls04v(10,120))
  allocate(m5min16v( 1,120))
  allocate(m5min04v( 6,120))
  open(rUnit,file=trim(prefix)//'colortable_7g.dat')
  do
    read(rUnit,'(A)') line
    if (line(1:5).eq.'BEGIN') exit
  enddo
  do ii=1,120 ;read(rUnit,*) m5pls08u(:,ii) ;enddo
  read(rUnit,'(A)') line
  do ii=1,120 ;read(rUnit,*) m5pls04u(:,ii) ;enddo
  read(rUnit,'(A)') line
  do ii=1,120 ;read(rUnit,*) m5pls02u(:,ii) ;enddo
  read(rUnit,'(A)') line
  do ii=1,120 ;read(rUnit,*) m5pls01u(:,ii) ;enddo
  read(rUnit,'(A)') line
  do ii=1,120 ;read(rUnit,*) m5pls24v(:,ii) ;enddo
  read(rUnit,'(A)') line
  do ii=1,120 ;read(rUnit,*) m5pls16v(:,ii) ;enddo
  read(rUnit,'(A)') line
  do ii=1,120 ;read(rUnit,*) m5pls12v(:,ii) ;enddo
  read(rUnit,'(A)') line
  do ii=1,120 ;read(rUnit,*) m5pls08v(:,ii) ;enddo
  read(rUnit,'(A)') line
  do ii=1,120 ;read(rUnit,*) m5pls04v(:,ii) ;enddo
  read(rUnit,'(A)') line
  do ii=1,120 ;read(rUnit,*) m5min16v(:,ii) ;enddo
  read(rUnit,'(A)') line
  do ii=1,120 ;read(rUnit,*) m5min04v(:,ii) ;enddo
  close(rUnit)
!
! Evaluation
  uu = 0
  do ii=1,120
    uu = uu + conjg(a(ii))*( 16*a(ii) &
                            + 8*sum(a(m5pls08(:,ii))) &
                            + 4*sum(a(m5pls04(:,ii))) &
                            + 2*sum(a(m5pls02(:,ii))) &
                            +   sum(a(m5pls01(:,ii))) )
  enddo
  vv = 0
  do ii=1,120
    vv = vv + conjg(a(ii))*( 24*sum(a(m5pls24(:,ii))) &
                            +16*sum(a(m5pls16(:,ii))) &
                            +12*sum(a(m5pls12(:,ii))) &
                            + 8*sum(a(m5pls08(:,ii))) &
                            + 4*sum(a(m5pls04(:,ii))) &
                            -16*sum(a(m5min16(:,ii))) &
                            - 4*sum(a(m5min04(:,ii))) )
  enddo
  rslt = Ncolor(2)*uu + vv
  rslt = rslt * 2*Ncolor(3)*(Ncolor(2)-1)
!
BEGIN u+8 4
 2 6 21 103
 1 3 22 104
 2 4 7 105
 3 5 8 106
 4 6 18 107
 1 5 17 108
 3 8 12 25
 4 7 9 26
 8 10 13 27
 9 11 14 28
 10 12 24 29
 7 11 23 30
 9 14 18 69
 10 13 15 70
 14 16 19 71
 15 17 20 72
 6 16 18 67
 5 13 17 68
 15 20 24 89
 16 19 21 90
 1 20 22 85
 2 21 23 86
 12 22 24 87
 11 19 23 88
 7 26 30 45
 8 25 27 46
 9 26 28 31
 10 27 29 32
 11 28 30 42
 12 25 29 41
 27 32 36 49
 28 31 33 50
 32 34 37 51
 33 35 38 52
 34 36 48 53
 31 35 47 54
 33 38 42 93
 34 37 39 94
 38 40 43 95
 39 41 44 96
 30 40 42 91
 29 37 41 92
 39 44 48 113
 40 43 45 114
 25 44 46 109
 26 45 47 110
 36 46 48 111
 35 43 47 112
 31 50 54 69
 32 49 51 70
 33 50 52 55
 34 51 53 56
 35 52 54 66
 36 49 53 65
 51 56 60 73
 52 55 57 74
 56 58 61 75
 57 59 62 76
 58 60 72 77
 55 59 71 78
 57 62 66 117
 58 61 63 118
 62 64 67 119
 63 65 68 120
 54 64 66 115
 53 61 65 116
 17 63 68 72
 18 64 67 69
 13 49 68 70
 14 50 69 71
 15 60 70 72
 16 59 67 71
 55 74 78 93
 56 73 75 94
 57 74 76 79
 58 75 77 80
 59 76 78 90
 60 73 77 89
 75 80 84 97
 76 79 81 98
 80 82 85 99
 81 83 86 100
 82 84 96 101
 79 83 95 102
 21 81 86 90
 22 82 85 87
 23 86 88 91
 24 87 89 92
 19 78 88 90
 20 77 85 89
 41 87 92 96
 42 88 91 93
 37 73 92 94
 38 74 93 95
 39 84 94 96
 40 83 91 95
 79 98 102 117
 80 97 99 118
 81 98 100 103
 82 99 101 104
 83 100 102 114
 84 97 101 113
 1 99 104 108
 2 100 103 105
 3 104 106 109
 4 105 107 110
 5 106 108 120
 6 103 107 119
 45 105 110 114
 46 106 109 111
 47 110 112 115
 48 111 113 116
 43 102 112 114
 44 101 109 113
 65 111 116 120
 66 112 115 117
 61 97 116 118
 62 98 117 119
 63 108 118 120
 64 107 115 119
BEGIN u+4 9
 3 5 17 20 22 85 99 104 108
 4 6 7 21 23 86 100 103 105
 1 5 8 12 22 25 104 106 109
 2 6 7 9 18 26 105 107 110
 1 3 8 13 17 68 106 108 120
 2 4 16 18 21 67 103 107 119
 2 4 9 11 23 26 30 45 105
 3 5 10 12 13 25 27 46 106
 4 7 11 14 18 26 28 31 69
 8 12 13 15 24 27 29 32 70
 7 9 14 19 23 28 30 42 88
 3 8 10 22 24 25 29 41 87
 5 8 10 15 17 27 49 68 70
 9 11 16 18 19 28 50 69 71
 10 13 17 20 24 60 70 72 89
 6 14 18 19 21 59 67 71 90
 1 5 13 15 20 63 68 72 108
 4 6 9 14 16 64 67 69 107
 11 14 16 21 23 71 78 88 90
 1 15 17 22 24 72 77 85 89
 2 6 16 19 23 81 86 90 103
 1 3 12 20 24 82 85 87 104
 2 7 11 19 21 30 86 88 91
 10 12 15 20 22 29 87 89 92
 3 8 12 27 29 41 44 46 109
 4 7 9 28 30 31 45 47 110
 8 10 13 25 29 32 36 46 49
 9 11 14 26 30 31 33 42 50
 10 12 24 25 27 32 37 41 92
 7 11 23 26 28 40 42 45 91
 9 26 28 33 35 47 50 54 69
 10 27 29 34 36 37 49 51 70
 28 31 35 38 42 50 52 55 93
 32 36 37 39 48 51 53 56 94
 31 33 38 43 47 52 54 66 112
 27 32 34 46 48 49 53 65 111
 29 32 34 39 41 51 73 92 94
 33 35 40 42 43 52 74 93 95
 34 37 41 44 48 84 94 96 113
 30 38 42 43 45 83 91 95 114
 12 25 29 37 39 44 87 92 96
 11 28 30 33 38 40 88 91 93
 35 38 40 45 47 95 102 112 114
 25 39 41 46 48 96 101 109 113
 7 26 30 40 43 47 105 110 114
 8 25 27 36 44 48 106 109 111
 26 31 35 43 45 54 110 112 115
 34 36 39 44 46 53 111 113 116
 13 27 32 36 51 53 65 68 70
 14 28 31 33 52 54 55 69 71
 32 34 37 49 53 56 60 70 73
 33 35 38 50 54 55 57 66 74
 34 36 48 49 51 56 61 65 116
 31 35 47 50 52 64 66 69 115
 33 50 52 57 59 71 74 78 93
 34 51 53 58 60 61 73 75 94
 52 55 59 62 66 74 76 79 117
 56 60 61 63 72 75 77 80 118
 16 55 57 62 67 71 76 78 90
 15 51 56 58 70 72 73 77 89
 53 56 58 63 65 75 97 116 118
 57 59 64 66 67 76 98 117 119
 17 58 61 65 68 72 108 118 120
 18 54 62 66 67 69 107 115 119
 36 49 53 61 63 68 111 116 120
 35 52 54 57 62 64 112 115 117
 6 16 18 59 62 64 69 71 119
 5 13 17 49 63 65 70 72 120
 9 14 18 31 50 54 64 67 71
 10 13 15 32 49 51 60 68 72
 14 16 19 50 55 59 67 69 78
 15 17 20 58 60 63 68 70 77
 37 51 56 60 75 77 89 92 94
 38 52 55 57 76 78 79 93 95
 56 58 61 73 77 80 84 94 97
 57 59 62 74 78 79 81 90 98
 20 58 60 72 73 75 80 85 89
 19 55 59 71 74 76 88 90 93
 57 74 76 81 83 95 98 102 117
 58 75 77 82 84 85 97 99 118
 21 76 79 83 86 90 98 100 103
 22 80 84 85 87 96 99 101 104
 40 79 81 86 91 95 100 102 114
 39 75 80 82 94 96 97 101 113
 1 20 22 77 80 82 87 89 99
 2 21 23 81 83 88 90 91 100
 12 22 24 41 82 85 89 92 96
 11 19 23 42 78 86 90 91 93
 15 20 24 60 73 77 85 87 92
 16 19 21 59 76 78 81 86 88
 23 30 40 42 83 86 88 93 95
 24 29 37 41 73 87 89 94 96
 33 38 42 55 74 78 88 91 95
 34 37 39 56 73 75 84 92 96
 38 40 43 74 79 83 91 93 102
 39 41 44 82 84 87 92 94 101
 61 75 80 84 99 101 113 116 118
 62 76 79 81 100 102 103 117 119
 1 80 82 85 97 101 104 108 118
 2 81 83 86 98 102 103 105 114
 44 82 84 96 97 99 104 109 113
 43 79 83 95 98 100 112 114 117
 2 6 21 81 98 100 105 107 119
 1 3 22 82 99 101 106 108 109
 2 4 7 45 100 103 107 110 114
 3 5 8 46 104 108 109 111 120
 4 6 18 64 103 105 110 115 119
 1 5 17 63 99 104 106 118 120
 3 25 44 46 101 104 106 111 113
 4 26 45 47 105 107 112 114 115
 36 46 48 65 106 109 113 116 120
 35 43 47 66 102 110 114 115 117
 39 44 48 84 97 101 109 111 116
 40 43 45 83 100 102 105 110 112
 47 54 64 66 107 110 112 117 119
 48 53 61 65 97 111 113 118 120
 57 62 66 79 98 102 112 115 119
 58 61 63 80 97 99 108 116 120
 6 62 64 67 98 103 107 115 117
 5 63 65 68 106 108 111 116 118
BEGIN u+2 14
 7 13 18 19 23 67 77 86 90 98 100 105 107 119
 8 9 17 20 24 25 85 87 91 99 101 106 108 109
 9 11 18 20 21 26 30 41 86 100 103 107 110 114
 10 12 16 17 22 25 27 31 68 104 108 109 111 120
 7 12 14 16 21 26 49 67 69 103 105 110 115 119
 8 13 15 22 23 59 68 72 85 99 104 106 118 120
 1 5 13 19 24 27 29 41 44 46 87 100 104 106
 2 6 14 15 23 28 30 31 45 47 69 105 107 120
 2 3 15 17 24 25 29 32 36 46 64 68 70 106
 4 16 18 22 23 26 30 31 33 42 60 69 71 88
 3 13 18 20 22 25 27 32 37 41 70 78 87 89
 4 5 14 19 21 26 28 40 42 45 82 86 88 105
 1 6 7 11 19 26 28 46 50 54 64 67 71 107
 5 8 12 20 21 27 29 42 49 51 60 68 72 89
 6 8 9 21 23 28 50 55 59 67 69 88 90 92
 4 5 10 22 24 58 60 63 68 70 81 85 89 108
 2 4 9 19 24 59 62 64 69 71 90 99 103 107
 1 3 10 11 20 27 49 63 65 70 72 106 108 110
 1 7 12 13 17 29 50 70 72 73 77 85 87 92
 2 3 11 14 18 63 67 71 76 78 81 86 88 103
 3 5 12 14 15 72 77 80 82 87 89 104 108 119
 4 6 10 11 16 30 81 83 88 90 91 103 105 109
 1 6 8 10 15 25 29 45 82 85 89 92 96 104
 2 7 9 16 17 28 30 32 71 78 86 90 91 93
 2 4 9 11 23 31 37 42 43 47 91 101 110 114
 3 5 10 12 13 32 33 41 44 48 49 109 111 115
 4 7 11 14 18 33 35 42 44 45 50 54 65 110
 8 12 13 15 24 34 36 40 41 46 49 51 55 92
 7 9 14 19 23 31 36 38 40 45 50 73 91 93
 3 8 10 22 24 32 37 39 46 47 83 92 96 109
 4 8 10 25 29 37 43 48 51 53 65 68 70 111
 9 11 24 26 30 38 39 47 52 54 55 69 71 93
 10 26 27 39 41 48 49 53 56 60 70 88 92 94
 28 40 42 46 47 50 54 55 57 66 84 93 95 112
 27 37 42 44 46 49 51 56 61 65 94 102 111 113
 9 28 29 38 43 45 50 52 64 66 69 106 110 112
 11 25 30 31 35 43 50 52 70 74 78 88 91 95
 29 32 36 44 45 51 53 66 73 75 84 92 96 113
 30 32 33 45 47 52 74 79 83 91 93 112 114 116
 12 28 29 34 46 48 82 84 87 92 94 105 109 113
 3 7 11 26 28 33 43 48 83 86 88 93 95 114
 10 12 14 25 27 34 35 44 51 73 87 89 94 96
 25 31 36 37 41 53 74 94 96 97 101 109 111 116
 7 26 27 35 38 42 87 91 95 100 102 105 110 112
 8 12 23 27 29 36 38 39 96 101 104 106 111 113
 7 9 13 28 30 34 35 40 54 105 107 112 114 115
 8 25 30 32 34 39 49 53 69 106 109 113 116 120
 26 31 33 40 41 52 54 56 95 102 110 114 115 117
 5 14 18 26 28 33 35 47 55 61 66 67 71 115
 13 15 19 27 29 34 36 37 56 57 65 68 72 73
 14 28 31 35 38 42 57 59 66 68 69 74 78 89
 32 36 37 39 48 58 60 64 65 70 73 75 79 116
 31 33 38 43 47 55 60 62 64 69 74 97 115 117
 13 27 32 34 46 48 56 61 63 70 71 107 116 120
 15 28 32 34 49 53 61 67 72 75 77 89 92 94
 33 35 48 50 54 62 63 71 76 78 79 93 95 117
 34 50 51 63 65 72 73 77 80 84 94 112 116 118
 16 52 64 66 70 71 74 78 79 81 90 108 117 119
 6 15 17 51 61 66 68 70 73 75 80 85 89 118
 10 14 16 33 52 53 62 67 69 74 76 88 90 93
 35 49 54 55 59 67 74 76 94 98 102 112 115 119
 17 53 56 60 68 69 75 77 90 97 99 108 116 120
 16 18 20 54 56 57 69 71 76 98 103 107 115 117
 9 13 17 36 52 53 58 70 72 106 108 111 116 118
 18 27 31 35 50 52 57 67 72 107 110 112 117 119
 34 36 38 49 51 58 59 68 75 97 111 113 118 120
 1 5 13 15 20 49 55 60 61 65 77 98 118 120
 4 6 9 14 16 31 50 51 59 62 66 111 115 119
 5 8 10 15 17 32 36 47 51 53 60 62 63 120
 9 11 16 18 19 31 33 37 52 54 58 59 64 78
 10 13 17 20 24 32 49 54 56 58 63 73 77 93
 6 14 18 19 21 50 55 57 64 65 76 78 80 119
 19 29 38 42 50 52 57 59 71 79 85 90 91 95
 37 39 43 51 53 58 60 61 80 81 89 92 96 97
 38 52 55 59 62 66 81 83 90 92 93 98 102 113
 20 56 60 61 63 72 82 84 88 89 94 97 99 103
 1 19 21 55 57 62 67 71 79 84 86 88 93 98
 11 20 24 37 51 56 58 70 72 80 85 87 94 95
 39 52 56 58 73 77 85 91 96 99 101 113 116 118
 21 57 59 72 74 78 86 87 95 100 102 103 117 119
 16 20 22 58 74 75 87 89 96 97 101 104 108 118
 12 21 23 40 76 88 90 94 95 98 102 103 105 114
 22 30 39 41 75 85 90 92 94 97 99 104 109 113
 34 38 40 57 76 77 86 91 93 98 100 112 114 117
 2 6 16 19 23 59 73 78 79 83 91 98 100 118
 1 3 12 20 24 41 77 80 84 92 93 99 101 114
 2 7 11 19 21 40 42 44 78 80 81 93 95 100
 10 12 15 20 22 33 37 41 60 76 77 82 94 96
 11 14 16 21 23 42 51 55 59 74 76 81 91 96
 1 15 17 22 24 58 60 62 73 75 82 83 92 99
 2 22 24 25 29 37 39 44 73 79 84 85 89 101
 15 19 23 28 30 33 38 40 55 74 75 83 86 90
 24 29 32 34 39 41 56 60 71 75 77 84 86 87
 33 35 40 42 43 55 57 61 76 78 82 83 88 102
 34 37 41 44 48 56 73 78 80 82 87 97 101 117
 23 30 38 42 43 45 74 79 81 88 89 100 102 104
 43 53 62 66 74 76 81 83 95 103 109 114 115 119
 1 61 63 67 75 77 82 84 85 104 105 113 116 120
 2 6 17 62 76 79 83 86 90 105 107 114 116 117
 1 3 7 44 80 84 85 87 96 106 108 112 113 118
 2 25 43 45 79 81 86 91 95 103 108 110 112 117
 35 44 48 61 75 80 82 94 96 104 109 111 118 119
 3 5 17 20 22 63 76 80 82 97 101 109 115 120
 4 6 7 21 23 45 81 83 96 98 102 110 111 119
 1 5 8 12 22 40 44 46 82 98 99 111 113 120
 2 6 7 9 18 36 45 47 64 100 112 114 118 119
 1 3 8 13 17 46 54 63 65 99 109 114 116 118
 2 4 16 18 21 58 62 64 81 100 101 110 115 117
 2 4 22 26 30 40 43 47 83 97 102 103 107 115
 3 5 18 25 27 36 44 48 65 101 104 108 116 117
 4 26 31 35 43 45 64 66 68 102 104 105 117 119
 34 36 39 44 46 57 61 65 84 100 101 106 118 120
 35 38 40 45 47 66 75 79 83 98 100 105 115 120
 3 25 39 41 46 48 82 84 86 97 99 106 107 116
 5 26 46 48 49 53 61 63 68 97 103 108 109 113
 39 43 47 52 54 57 62 64 79 98 99 107 110 114
 48 53 56 58 63 65 80 84 95 99 101 108 110 111
 6 57 59 64 66 67 79 81 85 100 102 106 107 112
 1 5 21 58 61 65 68 72 80 97 102 104 106 111
 4 6 8 47 54 62 66 67 69 98 103 105 112 113
BEGIN u+1 14
 25 49 68 69 73 78 87 89 91 97 101 109 115 120
 26 27 31 67 77 88 90 92 93 98 102 110 111 119
 27 29 31 37 42 68 77 85 90 98 99 111 113 120
 28 30 32 33 41 59 67 72 86 100 112 114 118 119
 25 30 41 50 51 59 70 72 85 99 109 114 116 118
 26 49 55 60 69 71 86 87 91 100 101 110 115 117
 31 37 42 43 47 69 78 88 89 98 99 103 107 120
 32 33 41 44 48 60 70 71 87 100 104 108 118 119
 33 35 42 44 45 60 62 63 67 71 88 100 104 105
 34 36 40 41 46 58 59 64 68 72 82 86 87 106
 31 36 38 40 45 64 68 69 76 77 82 86 90 105
 32 37 39 46 47 70 78 80 81 85 89 106 107 120
 25 29 42 44 45 51 53 60 62 63 89 99 103 108
 26 30 40 41 46 52 54 58 59 64 81 85 90 107
 26 27 46 49 54 56 58 63 81 85 87 91 96 108
 28 50 55 57 64 65 82 83 86 88 92 106 107 110
 27 49 55 60 61 65 88 89 92 100 101 104 106 110
 28 29 42 50 51 59 62 66 90 99 103 105 109 114
 25 30 45 49 54 63 67 69 74 76 81 91 96 103
 29 50 64 65 68 70 73 75 82 83 92 104 105 109
 30 50 70 71 73 78 79 83 91 105 107 109 115 120
 28 29 32 72 77 80 84 92 93 106 108 110 111 119
 26 28 32 46 47 71 78 80 81 93 95 103 108 119
 25 27 31 36 45 63 67 72 76 77 82 94 96 104
 1 5 13 19 24 49 73 92 93 97 102 111 113 115
 2 6 14 15 23 50 51 55 91 101 112 114 116 117
 2 3 15 17 24 51 53 55 61 66 92 101 109 114
 4 16 18 22 23 52 54 56 57 65 83 91 96 110
 3 13 18 20 22 49 54 65 74 75 83 94 96 109
 4 5 14 19 21 50 73 79 84 93 95 110 111 115
 2 3 7 11 24 55 61 66 67 71 93 102 112 113
 4 8 12 22 23 56 57 65 68 72 84 94 95 111
 4 8 9 57 59 66 68 69 84 86 87 91 95 112
 10 58 60 64 65 70 82 83 88 92 96 106 110 111
 9 55 60 62 64 69 88 92 93 100 101 106 110 114
 10 11 24 56 61 63 70 71 94 102 104 105 109 113
 3 7 12 49 53 66 68 69 75 77 84 86 87 113
 11 50 54 64 65 70 76 78 82 83 88 105 109 114
 12 50 51 70 73 78 80 82 87 105 109 111 115 120
 10 11 14 52 74 79 81 88 89 106 107 110 112 116
 4 5 8 10 14 51 73 79 84 85 89 112 113 116
 3 7 9 13 18 52 53 66 74 75 83 86 90 114
 7 49 54 69 73 78 87 91 93 98 100 105 115 120
 8 9 13 53 74 88 89 92 94 97 99 106 107 116
 9 11 13 19 24 54 74 94 95 97 102 103 107 115
 10 12 14 15 23 52 53 56 96 101 104 108 116 117
 7 12 23 50 52 56 70 71 95 102 104 105 117 119
 8 49 51 55 60 69 87 91 96 100 101 106 118 120
 1 6 15 17 19 25 29 37 43 48 73 97 116 117
 5 16 18 20 21 26 30 38 39 47 74 75 79 115
 5 13 18 26 27 39 41 48 75 77 79 85 90 116
 14 28 40 42 46 47 76 78 80 81 89 107 115 120
 13 27 37 42 44 46 73 78 89 98 99 107 118 120
 14 15 19 28 29 38 43 45 74 97 103 108 117 119
 6 16 17 26 27 31 35 48 79 85 90 91 95 117
 15 28 32 36 46 47 80 81 89 92 96 108 118 119
 16 28 32 33 81 83 90 92 93 108 110 111 115 119
 10 14 15 34 82 84 88 89 94 106 107 112 116 120
 4 5 10 14 18 33 79 84 86 88 93 112 116 117
 6 8 9 13 17 34 35 48 80 85 87 94 95 118
 17 27 31 36 73 77 90 92 93 99 101 108 110 111
 9 13 18 35 74 78 88 89 94 100 102 106 107 112
 9 13 15 19 24 36 74 75 94 97 102 104 106 111
 10 11 14 16 20 34 35 38 76 98 103 105 112 113
 16 17 20 28 29 32 34 38 75 97 103 108 109 113
 18 27 31 33 37 42 76 77 90 98 99 107 110 114
 2 4 9 19 24 31 73 78 93 97 102 111 115 117
 1 3 10 11 20 32 33 37 77 98 112 113 116 118
 1 6 7 11 19 33 35 37 43 48 78 98 118 119
 5 8 12 20 21 34 36 38 39 47 76 77 80 120
 6 8 9 21 23 31 36 47 74 76 80 94 95 119
 4 5 10 22 24 32 73 75 79 84 93 111 115 120
 1 20 21 25 30 39 41 43 49 53 61 67 72 97
 19 29 40 42 44 45 50 54 62 63 71 98 99 103
 20 29 37 42 50 51 63 65 72 99 101 103 109 114
 11 19 24 38 52 64 66 70 71 100 102 104 105 113
 2 3 11 22 24 37 51 61 66 68 70 97 102 113
 1 7 12 21 23 38 39 43 52 53 62 67 69 98
 21 30 40 41 50 51 55 59 72 103 109 114 115 119
 12 22 23 39 52 56 60 70 71 104 105 113 116 120
 12 14 15 19 23 40 52 56 57 105 107 114 116 117
 10 11 16 20 24 34 38 39 58 106 108 112 113 118
 16 20 21 28 29 34 38 42 57 103 108 110 112 117
 22 30 32 33 37 41 58 59 72 104 109 111 118 119
 3 5 12 14 15 41 51 55 60 97 101 114 116 117
 4 6 10 11 16 33 37 42 59 98 102 112 113 118
 1 6 8 10 15 33 37 39 43 48 60 98 99 118
 2 7 9 16 17 34 35 38 40 44 58 59 62 100
 1 7 12 13 17 40 41 44 52 53 56 58 62 99
 2 3 11 14 18 42 51 55 57 61 66 100 101 114
 1 6 15 19 21 26 28 33 43 48 55 97 102 117
 2 16 17 20 22 25 27 34 35 44 56 57 61 101
 2 22 23 25 30 31 35 43 57 59 61 67 72 102
 24 29 32 36 44 45 58 60 62 63 71 100 101 104
 23 30 32 33 45 47 55 60 71 98 100 104 118 119
 15 19 24 28 29 34 46 48 56 97 99 103 108 117
 1 25 44 45 49 54 63 65 67 73 77 85 91 96
 2 3 7 43 53 64 66 68 69 74 78 86 87 95
 3 5 7 13 18 44 53 61 66 74 75 87 89 96
 4 6 8 9 17 35 43 48 62 76 88 90 94 95
 1 6 17 26 27 35 46 48 61 75 85 90 92 94
 2 25 31 36 45 47 62 63 67 76 77 86 91 93
 7 13 18 19 23 45 54 64 65 74 75 79 83 96
 8 9 17 20 24 36 46 47 63 76 80 84 94 95
 9 11 18 20 21 36 38 39 43 47 64 76 80 81
 10 12 16 17 22 34 35 40 44 48 58 62 63 82
 7 12 14 16 21 40 44 45 52 53 58 62 66 81
 8 13 15 22 23 46 54 56 57 61 65 82 83 96
 1 5 18 20 21 27 29 36 38 39 65 75 79 84
 2 6 16 17 22 28 30 34 35 40 57 61 66 83
 2 3 22 25 30 32 34 39 57 61 63 67 72 84
 4 26 31 33 40 41 58 59 62 64 68 82 83 86
 3 25 31 36 37 41 64 65 68 76 77 80 82 86
 4 5 18 26 27 35 38 42 66 75 79 81 85 90
 1 6 21 25 30 39 43 45 50 52 57 67 72 79
 5 26 40 41 44 46 49 51 58 59 68 80 81 85
 6 26 46 47 49 54 55 59 67 81 83 85 91 96
 4 5 8 48 53 56 60 68 69 82 84 86 87 95
 2 4 8 22 23 47 54 56 57 69 71 79 84 95
 1 3 7 12 21 39 43 48 52 53 58 70 72 80
BEGIN v+24 10
 9 10 11 13 14 58 59 62 76 77
 9 10 13 14 15 40 41 44 91 96
 14 15 16 19 20 40 41 83 91 96
 15 16 19 20 24 31 36 49 54 65
 11 12 19 23 24 31 36 47 49 54
 10 11 12 23 24 58 59 76 77 80
 15 16 17 19 20 82 83 96 100 101
 15 16 19 20 21 54 64 65 115 120
 1 2 20 21 22 64 65 111 115 120
 1 2 6 21 22 55 60 73 78 93
 1 5 6 17 18 51 55 60 73 78
 5 6 16 17 18 82 83 100 101 114
 1 2 21 22 23 46 47 110 111 115
 1 2 3 21 22 37 42 73 92 93
 2 3 4 7 8 33 37 42 92 93
 3 4 7 8 12 80 81 98 99 118
 7 11 12 23 24 76 80 81 98 99
 11 12 22 23 24 36 46 47 110 111
 3 4 5 7 8 32 33 37 50 51
 3 4 7 8 9 62 63 98 118 119
 8 9 10 13 14 58 62 63 118 119
 9 10 13 14 18 40 44 45 109 114
 5 6 13 17 18 44 45 101 109 114
 4 5 6 17 18 32 33 50 51 55
 33 34 35 37 38 82 83 86 100 101
 33 34 37 38 39 64 65 68 115 120
 38 39 40 43 44 64 65 107 115 120
 39 40 43 44 48 55 60 73 78 89
 35 36 43 47 48 55 60 71 73 78
 34 35 36 47 48 82 83 100 101 104
 4 5 39 40 41 43 44 106 107 120
 19 24 39 40 43 44 45 78 88 89
 15 19 24 25 26 44 45 46 88 89
 25 26 30 45 46 79 84 97 102 117
 25 29 30 41 42 75 79 84 97 102
 4 5 18 29 30 40 41 42 106 107
 14 15 19 25 26 45 46 47 70 71
 25 26 27 45 46 61 66 97 116 117
 26 27 28 31 32 57 61 66 116 117
 2 3 22 27 28 31 32 36 104 105
 2 3 31 35 36 47 48 100 104 105
 14 15 35 36 46 47 48 60 70 71
 27 28 29 31 32 56 57 61 74 75
 2 22 23 27 28 31 32 33 86 87
 22 23 32 33 34 37 38 82 86 87
 13 18 33 34 37 38 42 64 68 69
 5 13 18 29 30 37 41 42 68 69
 28 29 30 41 42 56 57 74 75 79
 4 5 57 58 59 61 62 106 107 110
 19 24 57 58 61 62 63 88 89 92
 11 19 24 62 63 64 67 68 88 89
 63 64 67 68 72 79 84 97 102 113
 59 60 67 71 72 79 84 95 97 102
 4 5 8 58 59 60 71 72 106 107
 10 11 24 28 29 63 64 65 67 68
 43 48 63 64 67 68 69 102 112 113
 39 43 48 49 50 68 69 70 112 113
 1 6 21 49 50 54 69 70 103 108
 1 6 49 53 54 65 66 99 103 108
 10 11 28 29 42 53 54 64 65 66
 38 39 43 49 50 69 70 71 94 95
 1 20 21 49 50 51 69 70 85 90
 20 21 50 51 52 55 56 81 85 90
 8 9 26 27 46 51 52 55 56 60
 4 8 9 26 27 55 59 60 71 72
 38 39 59 60 70 71 72 84 94 95
 51 52 53 55 56 80 81 85 98 99
 26 46 47 51 52 55 56 57 110 111
 46 47 56 57 58 61 62 106 110 111
 37 42 57 58 61 62 66 88 92 93
 29 37 42 53 54 61 65 66 92 93
 52 53 54 65 66 80 81 98 99 103
 10 11 14 28 29 81 82 83 85 86
 43 48 81 82 85 86 87 112 113 116
 35 43 48 86 87 88 91 92 112 113
 1 6 17 87 88 91 92 96 103 108
 1 6 83 84 91 95 96 103 108 119
 10 11 28 29 32 82 83 84 95 96
 34 35 48 52 53 87 88 89 91 92
 6 16 17 67 72 87 88 91 92 93
 16 17 63 67 72 73 74 92 93 94
 7 12 25 30 45 73 74 78 93 94
 3 7 12 25 30 73 77 78 89 90
 34 35 52 53 66 77 78 88 89 90
 62 63 67 73 74 93 94 95 118 119
 25 44 45 73 74 75 93 94 109 114
 44 45 74 75 76 79 80 105 109 114
 32 33 50 51 70 75 76 79 80 84
 28 32 33 50 51 79 83 84 95 96
 62 63 83 84 94 95 96 108 118 119
 2 3 75 76 77 79 80 104 105 109
 14 15 50 70 71 75 76 79 80 81
 10 14 15 70 71 80 81 82 85 86
 61 66 81 82 85 86 90 112 116 117
 53 61 66 77 78 85 89 90 116 117
 2 3 7 76 77 78 89 90 104 105
 34 35 38 52 53 105 106 107 109 110
 16 17 20 67 72 105 106 109 110 111
 16 17 59 67 72 110 111 112 115 116
 7 12 25 30 41 111 112 115 116 120
 7 12 23 25 30 107 108 115 119 120
 34 35 52 53 56 106 107 108 119 120
 58 59 72 76 77 111 112 113 115 116
 30 40 41 91 96 111 112 115 116 117
 40 41 87 91 96 97 98 116 117 118
 31 36 49 54 69 97 98 102 117 118
 27 31 36 49 54 97 101 102 113 114
 58 59 76 77 90 101 102 112 113 114
 22 23 86 87 91 97 98 117 118 119
 13 18 49 68 69 97 98 99 117 118
 9 13 18 68 69 98 99 100 103 104
 56 57 74 75 94 99 100 103 104 108
 52 56 57 74 75 103 107 108 119 120
 12 22 23 86 87 107 108 118 119 120
 8 9 13 26 27 99 100 101 103 104
 38 39 74 94 95 99 100 103 104 105
 34 38 39 94 95 104 105 106 109 110
 16 20 21 85 90 105 106 109 110 114
 20 21 77 85 90 101 102 109 113 114
 8 9 26 27 31 100 101 102 113 114
BEGIN v+16 5
 31 43 49 73 74
 31 49 61 93 94
 37 38 59 66 77
 33 34 59 77 84
 41 51 52 79 91
 41 48 55 56 91
 53 60 78 97 98
 60 78 95 117 118
 61 62 82 94 100
 57 58 82 100 112
 64 75 76 113 120
 52 64 79 80 120
 43 44 74 81 99
 39 40 81 99 116
 46 95 96 110 117
 34 46 83 84 110
 35 42 92 101 102
 42 75 92 113 114
 45 53 54 97 109
 38 45 65 66 109
 32 39 50 115 116
 32 50 57 111 112
 47 48 56 63 119
 35 36 63 102 119
 55 67 73 97 98
 55 73 85 117 118
 61 62 83 90 101
 57 58 83 101 108
 65 75 76 103 115
 65 72 79 80 115
 1 2 77 84 102
 21 22 84 102 119
 4 85 86 106 118
 4 16 81 82 106
 17 24 88 99 100
 24 76 88 103 104
 3 67 68 98 105
 3 20 63 64 105
 14 21 70 119 120
 14 58 70 107 108
 5 6 59 66 116
 17 18 66 99 116
 1 13 69 77 78
 13 62 69 89 90
 19 20 56 63 74
 15 16 56 74 81
 23 71 72 80 87
 6 23 59 60 87
 1 2 79 91 97
 21 22 79 97 109
 5 85 86 107 114
 5 12 81 82 107
 7 19 89 99 100
 19 89 96 103 104
 6 25 26 101 108
 6 23 45 46 108
 10 22 28 109 110
 10 28 40 105 106
 3 4 41 48 112
 7 8 48 100 112
 2 9 27 91 92
 9 27 44 87 88
 23 24 38 45 94
 11 12 38 82 94
 20 29 30 83 90
 3 20 41 42 90
 25 37 93 101 102
 37 86 93 113 114
 43 44 80 87 98
 39 40 80 98 105
 47 95 96 104 111
 30 47 83 84 111
 1 25 26 103 115
 1 13 45 46 103
 11 18 29 109 110
 11 29 36 105 106
 3 4 31 43 113
 7 8 43 113 120
 5 12 30 49 50
 12 30 47 69 70
 13 14 34 46 52
 9 10 34 52 64
 16 27 28 65 72
 4 16 31 32 72
 26 33 51 115 116
 33 51 68 111 112
 47 48 62 69 118
 35 36 62 106 118
 44 53 54 107 114
 27 44 65 66 114
 5 6 49 61 117
 17 18 61 110 117
 2 67 68 104 111
 2 9 63 64 104
 8 15 71 119 120
 15 54 71 107 108
 7 19 25 49 50
 7 25 37 69 70
 13 14 35 42 53
 9 10 35 53 60
 17 27 28 55 67
 17 24 31 32 67
 29 36 54 73 74
 36 54 71 93 94
 37 38 58 70 76
 33 34 58 76 88
 40 51 52 89 96
 28 40 55 56 96
 19 20 50 57 75
 15 16 57 75 92
 22 71 72 86 93
 10 22 59 60 86
 11 18 68 77 78
 18 51 68 89 90
 21 29 30 73 85
 14 21 41 42 85
 8 15 26 91 92
 8 26 33 87 88
 23 24 32 39 95
 11 12 39 78 95
BEGIN v+12 20
 27 28 29 40 41 44 57 60 61 69 70 75 78 91 96 111 112 113 115 116
 27 28 39 42 43 58 59 62 69 70 71 76 77 92 95 111 112 115 116 117
 31 36 39 42 49 54 65 70 71 72 84 89 90 92 95 97 98 116 117 118
 32 35 40 41 50 53 66 71 72 83 88 89 90 91 96 97 98 102 117 118
 29 30 32 35 48 50 53 58 59 76 77 80 87 88 89 97 101 102 113 114
 28 29 30 31 36 47 49 54 57 60 75 78 79 87 88 101 102 112 113 114
 33 34 35 37 38 54 64 65 67 71 72 81 84 89 90 95 99 102 115 120
 33 34 37 38 39 53 63 66 71 72 82 83 85 89 90 96 100 101 116 119
 38 39 40 43 44 55 60 63 66 73 78 85 86 90 93 103 104 112 116 119
 39 40 43 44 48 56 59 64 65 74 77 85 86 94 103 104 108 111 115 120
 35 36 43 47 48 52 56 59 67 68 74 77 82 83 100 101 103 107 108 114
 34 35 36 47 48 51 55 60 67 68 72 73 78 81 84 99 102 107 108 113
 37 42 45 48 56 57 58 61 62 73 85 86 87 92 93 103 104 109 112 116
 38 41 46 47 57 58 61 62 66 74 85 86 91 94 103 104 105 110 111 115
 25 26 34 38 41 53 54 61 65 66 80 81 91 94 98 99 104 105 106 118
 25 26 30 33 37 42 52 53 54 65 66 79 82 92 93 97 100 105 106 117
 25 29 30 36 46 47 51 52 53 55 56 75 79 82 87 88 97 100 110 111
 29 30 35 45 48 51 52 55 56 57 76 80 81 86 87 88 98 99 109 112
 25 26 31 34 38 49 52 62 63 79 83 84 95 96 98 105 106 107 118 119
 25 26 27 32 33 37 50 51 61 64 83 84 94 95 96 97 105 106 117 120
 26 27 28 40 44 45 57 61 64 69 70 73 74 93 94 95 109 114 117 120
 27 28 39 43 46 58 62 63 68 69 70 73 74 75 93 94 110 113 118 119
 32 33 43 46 50 51 55 67 68 69 74 75 76 79 80 102 107 108 110 113
 31 34 44 45 49 52 56 67 68 75 76 79 80 84 101 106 107 108 109 114
 15 16 17 19 20 51 52 53 64 65 68 81 84 85 93 94 99 102 115 120
 15 16 19 20 21 51 52 63 66 67 82 83 86 93 94 95 100 101 116 119
 1 2 20 21 22 55 60 63 66 73 78 89 94 95 96 108 113 114 116 119
 1 2 6 21 22 56 59 64 65 74 77 90 95 96 107 112 113 114 115 120
 1 5 6 17 18 53 54 56 59 72 74 77 82 83 100 101 104 111 112 113
 5 6 16 17 18 52 53 54 55 60 71 73 78 81 84 99 102 103 111 112
 3 6 19 24 57 58 59 61 62 78 88 89 91 95 96 105 108 113 114 119
 4 5 20 23 57 58 61 62 63 77 87 90 95 96 106 107 109 113 114 120
 7 8 16 20 23 62 63 64 67 68 79 84 87 90 97 102 109 110 114 117
 7 8 12 15 19 24 63 64 67 68 72 80 83 88 89 98 101 109 110 118
 4 5 7 11 12 18 59 60 67 71 72 76 80 83 91 92 98 101 106 107
 3 6 11 12 17 58 59 60 71 72 75 79 84 91 92 96 97 102 105 108
 7 8 13 16 20 61 66 69 72 80 81 82 85 86 97 109 110 111 116 117
 7 8 9 14 15 19 62 65 70 71 81 82 85 86 90 98 109 110 115 118
 2 3 8 9 10 22 49 50 58 62 65 77 78 85 89 90 104 105 115 118
 1 4 9 10 21 49 50 54 57 61 66 76 77 78 89 90 103 106 116 117
 1 4 14 15 49 53 54 60 70 71 75 76 77 79 80 99 103 106 111 112
 2 3 13 16 53 54 59 69 72 75 76 79 80 81 100 104 105 110 111 112
 2 9 10 11 22 23 49 50 55 58 62 73 76 86 87 103 107 108 119 120
 1 9 10 21 24 49 50 51 56 57 61 74 75 85 88 107 108 118 119 120
 13 18 21 24 50 51 52 64 68 69 81 85 88 93 94 97 98 117 118 119
 14 17 22 23 51 52 63 67 70 82 86 87 92 93 94 97 98 99 117 118
 6 11 12 14 17 56 57 67 70 74 75 79 91 92 93 98 99 100 103 104
 5 10 11 12 13 18 55 58 68 69 73 76 80 91 92 99 100 103 104 108
 3 6 19 24 39 40 41 43 44 75 76 77 88 89 92 105 108 109 117 118
 4 5 20 23 39 40 43 44 45 75 76 87 90 91 106 107 110 117 118 119
 12 17 18 20 23 25 26 44 45 46 79 84 87 90 97 102 113 118 119 120
 11 16 17 18 19 24 25 26 30 45 46 80 83 88 89 98 101 114 119 120
 4 5 8 15 16 17 25 29 30 41 42 77 78 80 83 96 98 101 106 107
 3 6 7 15 16 29 30 40 41 42 76 77 78 79 84 95 97 102 105 108
 9 12 17 18 23 27 30 43 48 81 82 83 85 86 102 112 113 115 119 120
 10 11 13 17 18 24 28 29 44 47 81 82 85 86 87 101 111 114 119 120
 1 6 13 14 18 21 31 32 40 44 47 86 87 88 91 92 103 108 111 114
 2 5 13 14 22 31 32 36 39 43 48 87 88 91 92 96 104 107 112 113
 2 5 10 11 28 29 31 35 36 42 83 84 91 95 96 100 104 107 115 116
 1 6 9 12 27 30 35 36 41 82 83 84 95 96 99 103 108 115 116 120
 1 13 14 15 20 21 31 32 37 40 44 85 90 93 96 104 105 106 109 110
 2 13 14 19 22 31 32 33 38 39 43 86 89 94 95 105 106 109 110 114
 8 9 19 22 26 27 32 33 34 46 73 74 82 86 89 101 102 109 113 114
 7 10 20 21 25 28 33 34 45 73 74 78 81 85 90 100 101 102 113 114
 3 7 10 15 16 25 28 38 39 73 77 78 84 94 95 99 100 101 103 104
 4 8 9 14 15 16 26 27 37 40 77 78 83 93 96 99 100 103 104 105
 7 11 12 23 24 26 33 34 35 46 47 73 74 79 82 86 97 100 110 111
 11 12 22 23 24 25 33 34 45 48 73 74 75 80 81 85 98 99 109 112
 1 2 21 22 23 37 42 45 48 74 75 76 88 92 93 105 109 112 117 118
 1 2 3 21 22 38 41 46 47 75 76 87 91 94 106 110 111 116 117 118
 2 3 4 7 8 30 35 36 38 41 80 81 91 94 98 99 103 115 116 117
 3 4 7 8 12 29 34 35 36 37 42 79 82 92 93 97 100 104 115 116
 9 12 13 21 22 27 30 43 48 63 64 65 67 68 99 100 101 112 113 116
 10 11 14 21 22 23 28 29 44 47 63 64 67 68 69 99 100 111 114 115
 1 6 17 22 23 24 36 41 42 44 47 49 50 68 69 70 103 108 111 114
 2 5 18 23 24 35 40 41 42 43 48 49 50 54 69 70 104 107 112 113
 2 5 10 11 28 29 32 39 40 41 49 53 54 65 66 101 102 104 107 120
 1 6 9 12 27 30 31 39 40 53 54 64 65 66 100 101 102 103 108 119
 6 16 17 19 23 24 33 36 41 42 47 51 54 67 72 105 106 107 109 110
 5 15 18 23 24 34 35 37 41 42 48 52 53 68 71 105 106 109 110 111
 7 12 15 18 25 30 37 38 42 45 55 56 64 68 71 110 111 112 115 116
 8 11 16 17 26 29 37 38 46 55 56 60 63 67 72 111 112 115 116 120
 4 8 11 19 20 26 29 34 35 52 53 55 59 60 66 107 108 115 119 120
 3 7 12 19 20 24 25 30 33 36 51 54 59 60 65 106 107 108 119 120
 8 9 10 13 14 25 37 38 39 44 45 55 56 61 64 68 109 114 117 120
 9 10 13 14 18 26 37 38 43 46 55 56 57 62 63 67 110 113 118 119
 5 6 13 17 18 32 33 43 46 50 51 56 57 58 70 97 98 106 110 113
 4 5 6 17 18 31 34 44 45 49 52 57 58 69 97 98 102 105 109 114
 3 4 5 7 8 27 31 34 39 40 49 52 62 63 97 101 102 108 118 119
 3 4 7 8 9 28 32 33 38 39 40 50 51 61 64 101 102 107 117 120
 1 4 14 15 31 35 36 47 48 50 57 58 59 70 71 97 98 103 106 110
 2 3 13 16 35 36 46 47 48 49 57 58 69 72 97 98 99 104 105 109
 9 13 16 21 22 25 26 45 46 47 61 66 69 72 98 99 100 112 116 117
 10 14 15 20 21 22 25 26 27 45 46 62 65 70 71 99 100 111 115 118
 2 3 7 19 20 21 26 27 28 31 32 54 59 60 62 65 104 105 115 118
 1 4 8 19 20 27 28 31 32 36 53 58 59 60 61 66 103 106 116 117
 3 4 5 16 17 20 33 36 37 45 46 51 54 67 72 87 88 89 91 92
 3 4 15 18 19 34 35 38 45 46 47 52 53 68 71 87 88 91 92 93
 7 12 15 18 25 30 41 46 47 48 60 65 66 68 71 73 74 92 93 94
 8 11 16 17 26 29 42 47 48 59 64 65 66 67 72 73 74 78 93 94
 5 6 8 11 24 26 29 34 35 52 53 56 63 64 65 73 77 78 89 90
 4 5 6 7 12 23 25 30 33 36 51 54 55 63 64 77 78 88 89 90
 9 10 11 13 14 30 40 41 43 47 48 57 60 65 66 71 75 78 91 96
 9 10 13 14 15 29 39 42 47 48 58 59 61 65 66 72 76 77 92 95
 14 15 16 19 20 31 36 39 42 49 54 61 62 66 69 79 80 88 92 95
 15 16 19 20 24 32 35 40 41 50 53 61 62 70 79 80 84 87 91 96
 11 12 19 23 24 28 32 35 43 44 50 53 58 59 76 77 79 83 84 90
 10 11 12 23 24 27 31 36 43 44 48 49 54 57 60 75 78 83 84 89
 13 18 21 24 32 33 34 37 38 49 61 62 63 68 69 79 80 85 88 92
 14 17 22 23 33 34 37 38 42 50 61 62 67 70 79 80 81 86 87 91
 1 2 10 14 17 29 30 37 41 42 56 57 67 70 74 75 80 81 82 94
 1 2 6 9 13 18 28 29 30 41 42 55 58 68 69 73 76 81 82 93
 1 5 6 12 22 23 27 28 29 31 32 51 55 58 63 64 73 76 86 87
 5 6 11 21 24 27 28 31 32 33 52 56 57 62 63 64 74 75 85 88
 1 2 7 10 14 25 28 38 39 55 59 60 71 72 74 81 82 83 94 95
 1 2 3 8 9 13 26 27 37 40 59 60 70 71 72 73 81 82 93 96
 2 3 4 16 20 21 33 37 40 45 46 49 50 69 70 71 85 90 93 96
 3 4 15 19 22 34 38 39 44 45 46 49 50 51 69 70 86 89 94 95
 8 9 19 22 26 27 31 43 44 45 50 51 52 55 56 78 83 84 86 89
 7 10 20 21 25 28 32 43 44 51 52 55 56 60 77 82 83 84 85 90
BEGIN v+8 7
 37 42 47 51 53 66 95
 33 35 48 55 60 65 75
 35 50 51 62 73 75 79
 39 55 57 61 80 92 93
 37 39 43 57 73 78 83
 32 33 44 53 84 93 95
 51 62 63 74 76 94 116
 52 56 58 80 81 93 102
 56 76 77 96 98 102 113
 66 80 84 95 114 118 119
 53 62 66 84 98 99 111
 54 58 59 74 112 116 118
 38 76 91 96 97 101 117
 48 75 79 83 109 114 118
 35 44 48 79 100 101 115
 36 40 41 94 112 114 116
 33 44 45 74 94 96 112
 34 38 40 73 82 83 97
 39 43 47 61 101 115 120
 31 36 40 52 102 111 113
 37 46 47 52 54 56 113
 34 36 38 55 64 65 117
 34 49 54 58 97 115 117
 43 57 61 65 98 110 111
 61 66 71 75 77 90 119
 57 59 72 79 84 89 99
 59 74 75 86 97 99 103
 63 79 81 85 104 116 117
 61 63 67 81 97 102 107
 56 57 68 77 108 117 119
 20 75 86 87 98 100 118
 6 76 80 82 104 105 117
 2 6 17 80 100 101 120
 18 22 23 90 104 108 119
 2 3 15 77 86 90 108
 16 20 22 78 82 83 98
 1 5 21 62 100 115 120
 13 18 22 72 99 103 107
 4 5 19 59 68 72 103
 16 18 20 60 64 65 118
 16 57 68 69 98 118 120
 1 58 62 64 97 106 107
 5 19 24 63 67 71 85
 6 15 17 55 60 64 76
 17 61 70 71 76 78 80
 21 58 60 62 79 88 89
 1 19 21 58 73 78 82
 2 14 15 67 81 85 89
 23 85 90 95 99 101 114
 3 81 83 96 103 108 113
 1 3 7 83 98 99 110
 8 20 21 87 103 105 109
 1 6 11 85 87 91 105
 12 21 23 80 81 92 101
 2 4 22 44 99 110 111
 8 9 21 30 100 104 106
 4 5 24 26 30 41 104
 8 12 23 42 46 47 114
 12 26 27 39 101 110 114
 2 40 44 46 102 106 107
 4 19 24 25 29 45 86
 3 7 11 37 42 46 96
 7 28 29 43 83 92 96
 22 40 42 44 84 88 89
 2 22 24 40 81 92 93
 1 10 11 25 82 86 88
 29 43 48 87 91 95 109
 30 39 41 79 84 88 100
 41 85 94 95 100 102 104
 45 82 84 86 103 112 113
 25 43 45 82 97 102 106
 26 38 39 91 105 109 113
 3 5 18 47 109 114 119
 7 12 17 27 105 107 120
 2 3 14 25 27 31 107
 7 9 13 32 44 45 111
 9 25 30 35 109 111 115
 5 36 45 47 104 105 116
 3 14 15 26 28 46 68
 4 8 10 32 33 45 54
 8 28 29 48 50 54 65
 18 32 36 47 66 70 71
 5 14 18 36 50 51 63
 6 10 11 26 64 68 70
 28 43 48 49 53 69 110
 27 31 35 61 66 70 120
 31 52 53 67 107 116 120
 46 64 66 68 108 112 113
 26 46 48 64 105 116 117
 25 34 35 49 106 110 112
 13 53 67 72 111 115 119
 4 54 63 65 103 108 112
 4 6 8 65 109 118 119
 7 16 17 69 106 108 110
 1 6 10 49 67 69 106
 9 13 17 50 62 63 115
 13 18 23 27 29 42 71
 9 11 24 31 36 41 51
 11 26 27 38 49 51 55
 15 31 33 37 56 68 69
 13 15 19 33 49 54 59
 8 9 20 29 60 69 71
 27 38 39 50 52 70 92
 28 32 34 56 57 69 78
 32 52 53 72 74 78 89
 42 56 60 71 90 94 95
 29 38 42 60 74 75 87
 30 34 35 50 88 92 94
 14 52 67 72 73 77 93
 24 51 55 59 85 90 94
 11 20 24 55 76 77 91
 12 16 17 70 88 90 92
 9 20 21 50 70 72 88
 10 14 16 49 58 59 73
 15 19 23 37 77 91 96
 7 12 16 28 78 87 89
 13 22 23 28 30 32 89
 10 12 14 31 40 41 93
 10 25 30 34 73 91 93
 19 33 37 41 74 86 87
BEGIN v+4 10
 32 36 39 48 50 54 55 56 93 94
 32 36 37 38 50 54 57 66 73 74
 33 34 53 58 60 61 76 78 93 94
 37 38 51 52 58 60 76 78 79 95
 33 34 40 42 55 56 75 84 92 96
 35 40 42 43 51 52 73 74 92 96
 52 55 59 66 73 77 79 80 117 118
 55 59 61 62 73 77 84 94 97 98
 57 58 74 81 83 95 99 101 117 118
 61 62 75 76 81 83 99 101 113 116
 57 58 63 65 79 80 102 112 115 119
 53 56 63 65 75 76 97 98 115 119
 39 40 75 80 82 94 98 100 113 114
 43 44 80 82 95 96 98 100 112 117
 39 40 45 47 83 84 97 109 111 116
 35 38 45 47 95 96 101 102 109 111
 34 37 41 48 83 84 91 93 113 114
 37 41 43 44 74 79 91 93 101 102
 35 36 44 46 65 66 102 110 114 117
 34 39 44 46 53 54 110 114 115 116
 31 33 38 43 49 51 65 66 111 112
 31 33 47 48 49 51 56 61 115 116
 35 36 52 57 62 64 111 112 118 120
 47 48 53 54 62 64 97 113 118 120
 56 60 63 72 74 78 79 80 117 118
 56 60 61 62 74 78 81 90 97 98
 57 58 77 82 84 85 100 102 117 118
 61 62 75 76 82 84 100 102 103 119
 57 58 64 66 79 80 99 108 116 120
 59 64 66 67 75 76 97 98 116 120
 21 22 76 79 83 90 97 101 103 104
 1 2 79 83 85 86 97 101 108 118
 3 5 21 22 81 82 98 105 107 119
 3 5 17 20 85 86 99 100 105 107
 6 16 19 23 81 82 87 89 103 104
 1 2 19 23 77 80 87 89 99 100
 2 4 17 18 63 64 99 104 106 118
 2 4 16 21 67 68 104 106 119 120
 1 13 15 20 63 64 69 71 107 108
 5 6 13 15 59 62 69 71 119 120
 17 18 58 61 65 72 107 108 115 117
 5 6 61 65 67 68 98 103 115 117
 6 14 18 21 59 60 68 70 89 90
 14 18 19 20 58 63 68 70 77 78
 15 16 55 57 62 67 73 75 89 90
 19 20 55 57 71 72 73 75 80 85
 15 16 22 24 59 60 76 81 86 88
 1 17 22 24 71 72 77 78 86 88
 21 22 80 84 87 96 98 102 103 104
 1 2 80 84 85 86 98 102 105 114
 4 6 21 22 81 82 101 106 108 109
 4 6 7 23 85 86 99 100 106 108
 3 12 20 24 81 82 88 90 103 104
 1 2 20 24 83 88 90 91 99 100
 1 5 7 8 45 46 100 103 107 114
 1 5 12 22 25 26 103 107 109 110
 2 9 11 23 27 29 45 46 105 106
 3 4 9 11 27 29 41 44 109 110
 7 8 30 40 43 47 105 106 111 113
 3 4 25 26 43 47 101 104 111 113
 3 8 10 22 26 28 41 42 87 88
 8 10 23 24 26 28 40 45 91 92
 11 12 25 37 39 44 87 88 93 95
 23 24 29 30 37 39 83 86 93 95
 11 12 19 21 41 42 82 85 89 96
 2 7 19 21 29 30 85 89 91 92
 30 38 42 45 83 84 92 94 113 114
 38 42 43 44 82 87 92 94 101 102
 39 40 79 81 86 91 97 99 113 114
 43 44 79 81 95 96 97 99 104 109
 39 40 46 48 83 84 100 105 110 112
 25 41 46 48 95 96 101 102 110 112
 2 6 7 8 45 46 104 108 111 120
 2 6 9 18 25 26 104 108 109 110
 5 10 12 13 28 30 45 46 105 106
 3 4 10 12 28 30 31 47 109 110
 7 8 27 36 44 48 105 106 112 114
 3 4 25 26 44 48 107 112 114 115
 4 7 11 18 25 29 31 32 69 70
 7 11 13 14 25 29 36 46 49 50
 9 10 26 33 35 47 51 53 69 70
 13 14 27 28 33 35 51 53 65 68
 9 10 15 17 31 32 54 64 67 71
 5 8 15 17 27 28 49 50 67 71
 27 32 34 46 50 52 65 66 111 112
 32 34 47 48 50 52 64 69 115 116
 35 36 49 61 63 68 111 112 117 119
 47 48 53 54 61 63 107 110 117 119
 35 36 43 45 65 66 106 109 113 120
 26 31 43 45 53 54 109 113 115 116
 17 18 54 62 66 69 107 108 116 118
 5 6 62 66 67 68 106 111 116 118
 1 3 17 18 63 64 103 105 110 115
 1 3 8 13 67 68 103 105 119 120
 4 9 14 16 63 64 70 72 107 108
 5 6 14 16 49 65 70 72 119 120
 8 12 15 24 26 30 31 32 69 70
 8 12 13 14 26 30 33 42 49 50
 9 10 29 34 36 37 52 54 69 70
 13 14 27 28 34 36 52 54 55 71
 9 10 16 18 31 32 51 60 68 72
 11 16 18 19 27 28 49 50 68 72
 28 31 35 42 49 53 55 56 93 94
 31 35 37 38 49 53 60 70 73 74
 33 34 50 57 59 71 75 77 93 94
 37 38 51 52 57 59 75 77 89 92
 33 34 39 41 55 56 78 88 91 95
 29 32 39 41 51 52 73 74 91 95
 15 16 51 56 58 70 74 76 89 90
 19 20 56 58 71 72 74 76 88 93
 15 16 21 23 59 60 73 85 87 92
 11 14 21 23 71 72 77 78 85 87
 10 13 17 24 59 60 67 69 89 90
 13 17 19 20 50 55 67 69 77 78
 11 12 20 22 41 42 78 86 90 93
 10 15 20 22 29 30 86 90 91 92
 7 9 14 19 25 27 41 42 87 88
 7 9 23 24 25 27 32 37 91 92
 11 12 28 33 38 40 87 88 94 96
 23 24 29 30 38 40 73 89 94 96
BEGIN v-16 1
 34
 52
 56
 74
 94
 38
 57
 75
 79
 97
 117
 61
 84
 102
 113
 43
 39
 95
 112
 48
 35
 53
 66
 116
 58
 76
 80
 98
 118
 62
 81
 99
 103
 1
 21
 85
 108
 6
 17
 67
 63
 119
 16
 72
 59
 77
 90
 20
 82
 100
 104
 2
 22
 86
 105
 3
 7
 25
 45
 109
 12
 30
 41
 91
 87
 23
 40
 96
 83
 101
 114
 44
 106
 4
 8
 26
 46
 110
 9
 27
 31
 49
 69
 13
 36
 54
 65
 115
 111
 47
 64
 120
 107
 5
 18
 68
 10
 28
 32
 50
 70
 14
 33
 51
 55
 73
 93
 37
 60
 78
 89
 19
 15
 71
 88
 24
 11
 29
 42
 92
BEGIN v-4 6
 33 35 38 52 65 92
 34 47 51 53 56 78
 32 52 55 57 74 80
 42 56 62 73 75 94
 38 44 60 74 93 95
 34 37 39 50 83 94
 56 58 61 75 93 119
 51 57 74 76 79 99
 59 75 80 84 97 114
 63 79 96 98 102 117
 54 61 81 97 116 118
 57 62 66 77 111 117
 41 79 83 95 102 118
 45 76 84 97 101 113
 36 43 82 102 112 114
 39 44 48 91 113 115
 38 40 43 73 95 109
 33 39 84 94 96 100
 40 48 64 111 113 116
 35 43 47 49 101 112
 34 36 48 53 55 110
 35 37 52 54 66 120
 31 53 61 65 98 116
 46 58 66 112 115 117
 57 59 62 76 89 116
 58 71 75 77 80 102
 56 76 79 81 98 104
 66 80 86 97 99 118
 62 68 84 98 117 119
 58 61 63 74 107 118
 23 80 82 85 99 117
 3 75 81 98 100 103
 1 18 83 99 104 108
 2 6 21 87 103 120
 1 20 22 78 85 105
 15 21 81 86 90 101
 6 22 65 103 107 119
 1 5 17 69 100 108
 6 16 18 60 67 106
 17 19 63 68 72 115
 13 62 64 67 97 119
 4 57 63 108 118 120
 15 17 20 64 72 88
 5 16 59 67 71 73
 14 58 60 72 77 79
 24 59 61 76 78 90
 2 20 55 77 85 89
 16 19 21 70 82 90
 20 81 83 86 100 113
 6 82 95 99 101 104
 2 8 80 100 103 105
 1 3 22 90 104 110
 2 21 23 86 92 108
 11 22 82 85 87 98
 3 21 47 104 106 109
 2 4 7 27 99 105
 3 8 12 25 42 107
 7 24 26 30 45 111
 9 25 44 46 102 109
 5 39 45 105 110 114
 7 11 23 30 46 89
 4 12 25 29 41 93
 10 30 40 42 84 91
 19 41 43 87 92 96
 1 23 37 86 88 91
 12 22 24 28 81 87
 39 41 44 88 96 112
 29 40 83 91 95 97
 38 82 84 96 101 103
 48 83 85 100 102 114
 26 44 79 101 109 113
 40 43 45 94 106 114
 4 17 44 105 107 110
 3 5 8 30 106 119
 4 7 9 26 32 104
 8 14 25 27 46 114
 12 26 45 47 110 116
 2 35 46 106 109 111
 8 10 13 27 45 71
 3 9 26 28 31 51
 11 27 32 36 49 66
 15 31 48 50 54 69
 6 13 33 49 68 70
 9 14 18 29 63 69
 31 35 47 54 70 113
 28 36 49 53 65 117
 34 54 64 66 108 115
 43 65 67 111 116 120
 25 47 61 110 112 115
 36 46 48 52 105 111
 16 63 65 68 112 120
 1 53 64 107 115 119
 5 7 62 106 108 120
 4 6 18 72 107 109
 5 13 17 50 68 103
 10 18 64 67 69 118
 9 11 14 28 41 68
 10 23 27 29 32 54
 8 28 31 33 50 56
 18 32 38 49 51 70
 14 20 36 50 69 71
 10 13 15 26 59 70
 32 34 37 51 69 95
 27 33 50 52 55 75
 35 51 56 60 73 90
 39 55 72 74 78 93
 30 37 57 73 92 94
 33 38 42 53 87 93
 17 55 59 71 78 94
 21 52 60 73 77 89
 12 19 58 78 88 90
 15 20 24 67 89 91
 14 16 19 49 71 85
 9 15 60 70 72 76
 16 24 40 87 89 92
 11 19 23 25 77 88
 10 12 24 29 31 86
 11 13 28 30 42 96
 7 29 37 41 74 92
 22 34 42 88 91 93
